7                      -0.46327002                               -0.151243650
37                     -0.39306289                               -0.378618762
67                     -0.49512005                                0.218911066
97                     -0.93982602                               -0.908956776
127                    -0.95433941                               -0.945611450
157                    -0.95887641                               -0.927976881
8                      -0.14297423                               -0.095217283
38                      0.26320288                               -0.130264519
68                     -0.26825341                                0.301626757
98                     -0.96263225                               -0.947981783
128                    -0.97597646                               -0.953746071
158                    -0.97067197                               -0.932279646
9                      -0.34236722                               -0.318801023
39                     -0.16555455                               -0.372890349
69                     -0.35656147                                0.222203941
99                     -0.93418748                               -0.897718197
129                    -0.94494281                               -0.946330172
159                    -0.96568631                               -0.926604295
10                     -0.27329287                               -0.093023742
40                     -0.40382208                               -0.166866722
70                     -0.15039164                                0.220115703
100                    -0.96241856                               -0.955281011
130                    -0.95890126                               -0.940110167
160                    -0.97529880                               -0.950848109
11                     -0.49855464                               -0.458514063
41                     -0.72992873                               -0.336061027
71                     -0.39722047                                0.090280758
101                    -0.95680277                               -0.953066009
131                    -0.98230878                               -0.982255414
161                    -0.96318390                               -0.973994005
12                     -0.42225652                               -0.153116003
42                     -0.39609572                               -0.290005419
72                     -0.44851299                                0.148017269
102                    -0.95476988                               -0.955944253
132                    -0.95433576                               -0.945217803
162                    -0.95642438                               -0.943867440
13                     -0.45533390                               -0.234600866
43                     -0.27252501                               -0.367522801
73                     -0.42700825                                0.052879188
103                    -0.96945175                               -0.956901560
133                    -0.97553327                               -0.972393559
163                    -0.96979721                               -0.959535494
14                     -0.18023295                               -0.373516771
44                      0.52245422                               -0.075985181
74                      0.18279470                                0.471905155
104                    -0.95602881                               -0.940589853
134                    -0.95016271                               -0.949715060
164                    -0.95779048                               -0.899463669
15                     -0.54399759                               -0.275156242
45                     -0.52374430                               -0.165242148
75                     -0.34367330                                0.331150229
105                    -0.96622865                               -0.949752001
135                    -0.97128218                               -0.960337344
165                    -0.96001583                               -0.956001034
16                     -0.40321979                               -0.410463242
46                     -0.38730949                               -0.370649738
76                     -0.52110082                                0.114032089
106                    -0.96427005                               -0.958335481
136                    -0.98352740                               -0.971082558
166                    -0.98573100                               -0.968020521
17                     -0.43876870                               -0.429380043
47                     -0.27789147                               -0.150305643
77                     -0.54094952                                0.058068052
107                    -0.98096965                               -0.973626755
137                    -0.98672527                               -0.980967748
167                    -0.97835713                               -0.961046326
18                     -0.54840977                               -0.424386734
48                     -0.46602243                               -0.436561064
78                     -0.54399611                               -0.241973535
108                    -0.98279728                               -0.984781467
138                    -0.97482259                               -0.976797646
168                    -0.98648305                               -0.986788412
19                     -0.22027119                                0.032227230
49                     -0.20749812                               -0.079628763
79                     -0.21589223                                0.586637551
109                    -0.96786925                               -0.962632578
139                    -0.96321279                               -0.968910789
169                    -0.97541752                               -0.971957401
20                     -0.26495721                               -0.003533418
50                      0.09547683                               -0.205009295
80                      0.01830508                                0.151887747
110                    -0.94917682                               -0.946913452
140                    -0.91487201                               -0.921225595
170                    -0.97499527                               -0.952827071
21                     -0.38550536                               -0.251266389
51                      0.01309164                               -0.257894449
81                     -0.45077214                                0.239895894
111                    -0.97913068                               -0.974829227
141                    -0.96312457                               -0.962291334
171                    -0.98327071                               -0.953769071
22                     -0.25317388                               -0.024158496
52                     -0.22243179                               -0.086690512
82                     -0.37731903                                0.155526859
112                    -0.95104570                               -0.943078237
142                    -0.96365278                               -0.949044483
172                    -0.93696564                               -0.929818991
23                     -0.28782087                               -0.094260631
53                     -0.08225211                               -0.231382662
83                     -0.30589670                                0.364829993
113                    -0.96191405                               -0.945837830
143                    -0.96424992                               -0.957986177
173                    -0.98531784                               -0.967747053
24                     -0.45333786                               -0.434618912
54                     -0.31199641                               -0.322300989
84                     -0.57328191                               -0.023170163
114                    -0.97285179                               -0.968905031
144                    -0.97268865                               -0.960066088
174                    -0.98360275                               -0.973171068
25                     -0.60354421                               -0.566060023
55                     -0.60111261                               -0.527907562
85                     -0.50673831                               -0.288154788
    frequencyBodyAccelerometerMagnitude-std()
1                               -0.3980325868
31                              -0.4162601015
61                              -0.1865303011
91                              -0.9284448017
121                             -0.9823138047
151                             -0.7983009404
2                               -0.5771052117
32                              -0.3667282438
62                              -0.0214787882
92                              -0.9555756022
122                             -0.9605193815
152                             -0.9751213879
3                               -0.4563730809
33                              -0.4479943692
63                              -0.2338494221
93                              -0.8746265921
123                             -0.9218360766
153                             -0.9683502174
4                               -0.6511726282
34                              -0.3010058985
64                              -0.2636440303
94                              -0.9198157096
124                             -0.8953400421
154                             -0.9371879760
5                               -0.5196369261
35                              -0.2540919271
65                               0.0428533623
95                              -0.9256692911
125                             -0.8867451707
155                             -0.9625253694
6                               -0.4216830935
36                              -0.2221614337
66                               0.1446227571
96                              -0.9395472029
126                             -0.9445641075
156                             -0.9053739798
7                               -0.3517067805
37                              -0.4153071067
67                               0.0214440977
97                              -0.8869156382
127                             -0.9372879651
157                             -0.9105424629
8                               -0.3608189785
38                              -0.4092828517
68                              -0.1561410936
98                              -0.9317212400
128                             -0.9386281863
158                             -0.9172579794
9                               -0.5138919533
39                              -0.5099294614
69                               0.0888671674
99                              -0.8691725114
129                             -0.9402655464
159                             -0.9219297384
10                              -0.3704719440
40                              -0.3614375347
70                              -0.0616742841
100                             -0.9415119528
130                             -0.9450482430
160                             -0.9443049747
11                              -0.5844559920
41                              -0.3760278789
71                              -0.1371230604
101                             -0.9485219860
131                             -0.9815039696
161                             -0.9760376956
12                              -0.4088962994
42                              -0.3952851310
72                              -0.1051249721
102                             -0.9506471888
132                             -0.9397419290
162                             -0.9421332552
13                              -0.4383889532
43                              -0.4090655164
73                              -0.2109127664
103                             -0.9385299310
133                             -0.9704453789
163                             -0.9494313192
14                              -0.4574900095
44                              -0.1432538892
74                               0.1786845809
104                             -0.9291939372
134                             -0.9397998698
164                             -0.8596060471
15                              -0.4583447924
45                              -0.2556593408
75                               0.1531241781
105                             -0.9411959381
135                             -0.9502040458
165                             -0.9455085600
16                              -0.5921509851
46                              -0.4189242561
76                              -0.0534137179
106                             -0.9425882501
136                             -0.9571735719
166                             -0.9581118959
17                              -0.5651625077
47                              -0.2173931706
77                              -0.0618876767
107                             -0.9653996797
137                             -0.9755048406
167                             -0.9490425317
18                              -0.5655630570
48                              -0.4362189334
78                              -0.3442994342
108                             -0.9822261516
138                             -0.9732648536
168                             -0.9876484845
19                              -0.3247934061
49                              -0.3682534990
79                               0.0828630624
109                             -0.9528022777
139                             -0.9642591108
169                             -0.9640567740
20                              -0.3899340043
50                              -0.3202410123
80                               0.0002421746
110                             -0.9421512315
140                             -0.9186518803
170                             -0.9418940855
21                              -0.4381497912
51                              -0.4033576117
81                               0.0791271387
111                             -0.9744475932
141                             -0.9600418444
171                             -0.9444490709
22                              -0.3813993080
52                              -0.3341262214
82                              -0.0575202606
112                             -0.9267980298
142                             -0.9437391352
172                             -0.9132672513
23                              -0.4075775158
53                              -0.4100476433
83                              -0.0453930349
113                             -0.9270901184
143                             -0.9552913565
173                             -0.9584656954
24                              -0.5902658455
54                              -0.4062833776
84                              -0.1752917087
114                             -0.9658522621
144                             -0.9495225564
174                             -0.9710630240
25                              -0.6329274755
55                              -0.5361202932
85                              -0.3594370801
    frequencyBodyAccelerometerJerkMagnitude-mean()
1                                    -0.0571194000
31                                   -0.4426521625
61                                    0.0262184949
91                                   -0.9852621268
121                                  -0.9925424775
151                                  -0.9333003608
2                                    -0.1690643528
32                                   -0.1895111369
62                                    0.2222474096
92                                   -0.9838746989
122                                  -0.9770652956
152                                  -0.9853741148
3                                    -0.1867645170
33                                   -0.4129208985
63                                   -0.0494779773
93                                   -0.9658888917
123                                  -0.9486274677
153                                  -0.9759495979
4                                    -0.3185878110
34                                   -0.3974062850
64                                   -0.1752952866
94                                   -0.9625007338
124                                  -0.9561392836
154                                  -0.9622871254
5                                    -0.2694816611
35                                   -0.2646749390
65                                    0.0091839426
95                                   -0.9644403023
125                                  -0.9418259030
155                                  -0.9773563798
6                                    -0.0554014233
36                                   -0.1698682345
66                                    0.2438342588
96                                   -0.9483486536
126                                  -0.9559140054
156                                  -0.9486554711
7                                    -0.0384187299
37                                   -0.4547832475
67                                    0.0673898861
97                                   -0.9709541842
127                                  -0.9674178883
157                                  -0.9680662592
8                                    -0.1238344098
38                                   -0.1318505675
68                                    0.3315284599
98                                   -0.9809322924
128                                  -0.9797458720
158                                  -0.9617928524
9                                    -0.3168707156
39                                   -0.4195331086
69                                    0.0071687788
99                                   -0.9530504408
129                                  -0.9632428840
159                                  -0.9543205856
10                                    0.0205189517
40                                   -0.1535531474
70                                    0.1569780471
100                                  -0.9859008011
130                                  -0.9516336905
160                                  -0.9685611216
11                                   -0.3951161342
41                                   -0.4759285017
71                                   -0.0974549966
101                                  -0.9753153315
131                                  -0.9886365953
161                                  -0.9769407746
12                                   -0.0299124253
42                                   -0.3208844625
72                                    0.0769968373
102                                  -0.9717152686
132                                  -0.9608590095
162                                  -0.9624484187
13                                   -0.1521115008
43                                   -0.4251000065
73                                   -0.0282156657
103                                  -0.9883485353
133                                  -0.9819775365
163                                  -0.9807543860
14                                   -0.4315914534
44                                   -0.2887443341
74                                    0.1862234781
104                                  -0.9729853430
134                                  -0.9702141258
164                                  -0.9679885963
15                                   -0.2897539524
45                                   -0.2619566800
75                                    0.1584133347
105                                  -0.9846894371
135                                  -0.9790787857
165                                  -0.9736812228
16                                   -0.3782784906
46                                   -0.4755977178
76                                   -0.0745659082
106                                  -0.9839686359
136                                  -0.9865026879
166                                  -0.9875145251
17                                   -0.3359388918
47                                   -0.3602998531
77                                   -0.1886803998
107                                  -0.9914272505
137                                  -0.9901627988
167                                  -0.9796873187
18                                   -0.4140377512
48                                   -0.5744813966
78                                   -0.3833987134
108                                  -0.9904070760
138                                  -0.9849870732
168                                  -0.9885484183
19                                    0.0730179929
49                                   -0.1873913170
79                                    0.5384048461
109                                  -0.9837516467
139                                  -0.9791354127
169                                  -0.9806215641
20                                    0.0545269494
50                                   -0.2150140316
80                                    0.0137917153
110                                  -0.9717304626
140                                  -0.9400078971
170                                  -0.9796954581
21                                   -0.1440098897
51                                   -0.3554437066
81                                    0.1124426197
111                                  -0.9853423587
141                                  -0.9706342964
171                                  -0.9784441239
22                                    0.0659727285
52                                   -0.0458020362
82                                    0.0224783540
112                                  -0.9689082971
142                                  -0.9597438779
172                                  -0.9626547915
23                                   -0.0180705702
53                                   -0.3029680648
83                                    0.3350097243
113                                  -0.9741214668
143                                  -0.9737981557
173                                  -0.9859057039
24                                   -0.4186410469
54                                   -0.4298007788
84                                   -0.2008301371
114                                  -0.9844699629
144                                  -0.9722513552
174                                  -0.9831080843
25                                   -0.5645913422
55                                   -0.6547951106
85                                   -0.4716421116
    frequencyBodyAccelerometerJerkMagnitude-std()
1                                     -0.10349240
31                                    -0.53305985
61                                    -0.10405226
91                                    -0.98160618
121                                   -0.99253600
151                                   -0.92180398
2                                     -0.16409197
32                                    -0.26042384
62                                     0.22748073
92                                    -0.98412419
122                                   -0.97516046
152                                   -0.98456849
3                                     -0.08985199
33                                    -0.48060920
63                                    -0.15910229
93                                    -0.96656885
123                                   -0.94820681
153                                   -0.97530538
4                                     -0.32045870
34                                    -0.49732409
64                                    -0.28042678
94                                    -0.96158452
124                                   -0.96003250
154                                   -0.95803712
5                                     -0.30568538
35                                    -0.37861668
65                                    -0.08973570
95                                    -0.96654532
125                                   -0.94360196
155                                   -0.97638193
6                                     -0.09649997
36                                    -0.17773484
66                                     0.15480886
96                                    -0.94730470
126                                   -0.95538158
156                                   -0.95155266
7                                     -0.02213836
37                                    -0.49744136
67                                     0.10785684
97                                    -0.96849487
127                                   -0.96909216
157                                   -0.96535923
8                                     -0.27643613
38                                    -0.37926650
68                                     0.13473473
98                                    -0.97932021
128                                   -0.97913544
158                                   -0.96379109
9                                     -0.32233754
39                                    -0.48493575
69                                     0.07055261
99                                    -0.94939498
129                                   -0.96359316
159                                   -0.95509471
10                                     0.05020876
40                                    -0.33436504
70                                     0.03802667
100                                   -0.98326674
130                                   -0.95210596
160                                   -0.96537755
11                                    -0.41744682
41                                    -0.51370346
71                                    -0.17366175
101                                   -0.97228913
131                                   -0.98802123
161                                   -0.97512653
12                                    -0.01395391
42                                    -0.34656514
72                                     0.04206313
102                                   -0.97295144
132                                   -0.96414560
162                                   -0.96165300
13                                    -0.11359192
43                                    -0.49109081
73                                    -0.07098938
103                                   -0.98833230
133                                   -0.98062126
163                                   -0.97804435
14                                    -0.45342601
44                                    -0.40984765
74                                     0.19426342
104                                   -0.97295941
134                                   -0.96967752
164                                   -0.96360743
15                                    -0.34241193
45                                    -0.39131340
75                                     0.15050775
105                                   -0.98327625
135                                   -0.98018409
165                                   -0.97253008
16                                    -0.44144775
46                                    -0.51993124
76                                    -0.09196234
106                                   -0.98219055
136                                   -0.98591272
166                                   -0.98724716
17                                    -0.21123186
47                                    -0.43738311
77                                    -0.23653852
107                                   -0.99031963
137                                   -0.98947209
167                                   -0.97965723
18                                    -0.44445349
48                                    -0.58792608
78                                    -0.38656507
108                                   -0.99104430
138                                   -0.98627736
168                                   -0.98971066
19                                    -0.02228696
49                                    -0.43467125
79                                     0.31634642
109                                   -0.98368727
139                                   -0.97917915
169                                   -0.97945219
20                                    -0.03106503
50                                    -0.28045003
80                                     0.07903798
110                                   -0.97259774
140                                   -0.93602503
170                                   -0.97956520
21                                    -0.01867344
51                                    -0.47772185
81                                     0.06320531
111                                   -0.98699155
141                                   -0.97192612
171                                   -0.97760488
22                                     0.15828675
52                                    -0.15129984
82                                    -0.11853035
112                                   -0.96702628
142                                   -0.95665396
172                                   -0.95563561
23                                    -0.04573723
53                                    -0.45432484
83                                     0.22448050
113                                   -0.97211702
143                                   -0.97505369
173                                   -0.98654020
24                                    -0.40297998
54                                    -0.45964780
84                                    -0.08275549
114                                   -0.98561372
144                                   -0.97319551
174                                   -0.98328512
25                                    -0.51900425
55                                    -0.70343369
85                                    -0.50222477
    frequencyBodyGyroscopeMagnitude-mean() frequencyBodyGyroscopeMagnitude-std()
1                            -0.1992525690                           -0.32101795
31                           -0.3259614574                           -0.18298552
61                           -0.1857202857                           -0.39835039
91                           -0.9584355894                           -0.93219837
121                          -0.9846176234                           -0.97846607
151                          -0.8621901854                           -0.82431944
2                            -0.5307048147                           -0.65179284
32                           -0.4506121848                           -0.43862040
62                           -0.3208385436                           -0.37257676
92                           -0.9718405961                           -0.96138575
122                          -0.9617759048                           -0.95678873
152                          -0.9721129727                           -0.96109838
3                            -0.5697557722                           -0.63264329
33                           -0.5142115837                           -0.44518180
63                           -0.3323766294                           -0.32244083
93                           -0.9466649437                           -0.92544963
123                          -0.9136823626                           -0.88343972
153                          -0.9645867248                           -0.95544186
4                            -0.6092855880                           -0.59393720
34                           -0.5757940721                           -0.55248963
64                           -0.4292133696                           -0.45767409
94                           -0.9487697524                           -0.92885055
124                          -0.9142091657                           -0.88719440
154                          -0.9615566602                           -0.94710033
5                            -0.4842628289                           -0.58974151
35                           -0.3925645309                           -0.44044505
65                           -0.3493384147                           -0.48414127
95                           -0.9447603220                           -0.93474687
125                          -0.9045439216                           -0.86891399
155                          -0.9682570688                           -0.95926306
6                            -0.3296811234                           -0.51064832
36                           -0.2306270151                           -0.31817389
66                           -0.0143735434                           -0.24235386
96                           -0.9297256793                           -0.92954914
126                          -0.9266642970                           -0.92310876
156                          -0.9301536395                           -0.92869489
7                            -0.1929097655                           -0.34389491
37                           -0.5339829459                           -0.44499448
67                           -0.2550450574                           -0.39690965
97                           -0.9330819552                           -0.89580498
127                          -0.9387049849                           -0.91984814
157                          -0.9411307192                           -0.91889252
8                            -0.3012418486                           -0.32745958
38                           -0.2296109526                           -0.18332565
68                           -0.0003627297                           -0.25559031
98                           -0.9658067893                           -0.95325116
128                          -0.9645642241                           -0.95411983
158                          -0.9445289506                           -0.93678697
9                            -0.5137974804                           -0.56271453
39                           -0.5314826939                           -0.45684133
69                           -0.3475402267                           -0.42417074
99                           -0.9344377378                           -0.90647123
129                          -0.9297690678                           -0.91090966
159                          -0.9186053356                           -0.90340058
10                           -0.4126169096                           -0.49975980
40                           -0.2653716891                           -0.16696938
70                           -0.3123475103                           -0.38778010
100                          -0.9744597326                           -0.96245996
130                          -0.9377867434                           -0.92296155
160                          -0.9376926426                           -0.93370132
11                           -0.6102226288                           -0.59974544
41                           -0.5500996600                           -0.38122338
71                           -0.4561701089                           -0.38055943
101                          -0.9697999511                           -0.96071124
131                          -0.9825765198                           -0.97743771
161                          -0.9670933565                           -0.95484905
12                           -0.4425037840                           -0.49480222
42                           -0.5940325152                           -0.56443509
72                           -0.3449384200                           -0.42355397
102                          -0.9585118667                           -0.94846098
132                          -0.9023567656                           -0.85003317
162                          -0.9454970225                           -0.94037383
13                           -0.2674723739                           -0.37995184
43                           -0.4854773089                           -0.47077080
73                           -0.2061217072                           -0.40056006
103                          -0.9732582778                           -0.96426810
133                          -0.9574887995                           -0.94685749
163                          -0.9576816213                           -0.94613343
14                           -0.3113864497                           -0.26550455
44                            0.0488588668                            0.23665966
74                           -0.0787568407                           -0.22392743
104                          -0.9633205406                           -0.94651796
134                          -0.9444055638                           -0.93481556
164                          -0.9301517312                           -0.91776010
15                           -0.4891663837                           -0.48175022
45                           -0.4536935663                           -0.30858587
75                           -0.3738986312                           -0.34938721
105                          -0.9737621798                           -0.96337823
135                          -0.9567339002                           -0.92883830
165                          -0.9468126424                           -0.92368224
16                           -0.6692285408                           -0.72113700
46                           -0.6305466755                           -0.53248672
76                           -0.4882539396                           -0.47993985
106                          -0.9540609943                           -0.93886322
136                          -0.9754486322                           -0.96357474
166                          -0.9702496389                           -0.95897508
17                           -0.5186180587                           -0.61532008
47                           -0.5040669569                           -0.49644458
77                           -0.4094387583                           -0.42886869
107                          -0.9833692923                           -0.97471085
137                          -0.9842911315                           -0.97726342
167                          -0.9690144448                           -0.96002384
18                           -0.6203313943                           -0.66890815
48                           -0.6540290893                           -0.53304464
78                           -0.6047354144                           -0.53384493
108                          -0.9865352421                           -0.98125263
138                          -0.9723525930                           -0.95911346
168                          -0.9843290922                           -0.98146884
19                           -0.0952460452                           -0.14159840
49                           -0.2888402678                           -0.37713275
79                            0.2039797648                            0.03203667
109                          -0.9642387685                           -0.95048442
139                          -0.9585781296                           -0.93672355
169                          -0.9656247245                           -0.95749602
20                           -0.0520065599                           -0.19621024
50                           -0.2866277168                           -0.36094834
80                           -0.1005661035                           -0.15168199
110                          -0.9533990682                           -0.94372576
140                          -0.8794376748                           -0.84912735
170                          -0.9698322412                           -0.96420592
21                           -0.4095160812                           -0.51224934
51                           -0.4753698868                           -0.48340710
81                           -0.4063922844                           -0.48448997
111                          -0.9778397024                           -0.97202725
141                          -0.9567230224                           -0.94776317
171                          -0.9623490129                           -0.94973658
22                           -0.4383787228                           -0.46401913
52                           -0.3699020000                           -0.23402303
82                           -0.3384173264                           -0.34186367
112                          -0.9519527673                           -0.93356301
142                          -0.9320652708                           -0.90022241
172                          -0.9460558410                           -0.92355236
23                            0.1850782074                           -0.06147658
53                           -0.3803882922                           -0.47049158
83                            0.1508257348                           -0.21893043
113                          -0.9522932772                           -0.93868078
143                          -0.9445838297                           -0.92480542
173                          -0.9662393479                           -0.95902554
24                           -0.5345091638                           -0.66803280
54                           -0.5646649947                           -0.54907099
84                           -0.3742986867                           -0.47014727
114                          -0.9779737207                           -0.96910590
144                          -0.9639223142                           -0.95440718
174                          -0.9640013835                           -0.96136908
25                           -0.5627332527                           -0.52926224
55                           -0.5671534698                           -0.38661299
85                           -0.4857635821                           -0.42370733
    frequencyBodyGyroscopeJerkMagnitude-mean()
1                                  -0.31930859
31                                 -0.63466508
61                                 -0.28196336
91                                 -0.98979755
121                                -0.99481538
151                                -0.94236695
2                                  -0.58324929
32                                 -0.60079850
62                                 -0.38017531
92                                 -0.98986195
122                                -0.97784983
152                                -0.99024870
3                                  -0.60775165
33                                 -0.71687778
63                                 -0.57627720
93                                 -0.97789811
123                                -0.96033172
153                                -0.98427825
4                                  -0.72432742
34                                 -0.74074923
64                                 -0.62175246
94                                 -0.97654776
124                                -0.96447114
154                                -0.98360907
5                                  -0.54805357
35                                 -0.57134414
65                                 -0.45369725
95                                 -0.97159837
125                                -0.95228644
155                                -0.98461803
6                                  -0.36650053
36                                 -0.45923633
66                                 -0.13270538
96                                 -0.95203457
126                                -0.95542514
156                                -0.95369596
7                                  -0.15533986
37                                 -0.67332728
67                                 -0.28909668
97                                 -0.97863499
127                                -0.97367117
157                                -0.97411791
8                                  -0.47302623
38                                 -0.46327058
68                                 -0.12517959
98                                 -0.98773060
128                                -0.98370923
158                                -0.96840395
9                                  -0.60258162
39                                 -0.73415945
69                                 -0.46317205
99                                 -0.96831559
129                                -0.96749163
159                                -0.95580625
10                                 -0.51506534
40                                 -0.60058300
70                                 -0.48419648
100                                -0.99219153
130                                -0.96561408
160                                -0.96097682
11                                 -0.75191446
41                                 -0.79598611
71                                 -0.66834053
101                                -0.98725597
131                                -0.99298102
161                                -0.98597884
12                                 -0.56117644
42                                 -0.71433259
72                                 -0.45822749
102                                -0.97848445
132                                -0.96305979
162                                -0.96394961
13                                 -0.33852713
43                                 -0.65608854
73                                 -0.26639990
103                                -0.99172374
133                                -0.97719740
163                                -0.97815081
14                                 -0.59103694
44                                 -0.45725061
74                                 -0.25474713
104                                -0.98732424
134                                -0.96917564
164                                -0.96645534
15                                 -0.64507518
45                                 -0.73142236
75                                 -0.56539613
105                                -0.99018096
135                                -0.98318809
165                                -0.97572785
16                                 -0.72068229
46                                 -0.78783363
76                                 -0.58966315
106                                -0.98936314
136                                -0.99117243
166                                -0.98869528
17                                 -0.58271186
47                                 -0.66900876
77                                 -0.57734888
107                                -0.99520456
137                                -0.99272394
167                                -0.98276553
18                                 -0.71059631
48                                 -0.82619316
78                                 -0.74423605
108                                -0.99480819
138                                -0.98896067
168                                -0.99190101
19                                 -0.26244282
49                                 -0.47718391
79                                 -0.02290453
109                                -0.98672742
139                                -0.98453661
169                                -0.98189047
20                                 -0.18036534
50                                 -0.45039345
80                                 -0.31166847
110                                -0.97610835
140                                -0.92960001
170                                -0.98111982
21                                 -0.49959720
51                                 -0.62891575
81                                 -0.49080495
111                                -0.99001427
141                                -0.97612676
171                                -0.98299332
22                                 -0.55394612
52                                 -0.66799600
82                                 -0.58351052
112                                -0.97777545
142                                -0.96837780
172                                -0.97663898
23                                  0.14661857
53                                 -0.51871565
83                                  0.07467546
113                                -0.98070721
143                                -0.97259881
173                                -0.98184685
24                                 -0.57159439
54                                 -0.64611467
84                                 -0.47444993
114                                -0.99085475
144                                -0.98111924
174                                -0.97859674
25                                 -0.77030090
55                                 -0.82240391
85                                 -0.68703428
    frequencyBodyGyroscopeJerkMagnitude-std()
1                                 -0.38160191
31                                -0.69393052
61                                -0.39191988
91                                -0.98704962
121                               -0.99467112
151                               -0.93266067
2                                 -0.55810455
32                                -0.62182020
62                                -0.34369899
92                                -0.98963291
122                               -0.97775430
152                               -0.98949266
3                                 -0.54908701
33                                -0.74003344
63                                -0.62491082
93                                -0.97668980
123                               -0.95712151
153                               -0.98256816
4                                 -0.75776808
34                                -0.79420948
64                                -0.68547093
94                                -0.97626175
124                               -0.96643022
154                               -0.98254363
5                                 -0.45566530
35                                -0.57248502
65                                -0.48712842
95                                -0.97067540
125                               -0.94619646
155                               -0.98343449
6                                 -0.40807891
36                                -0.45593772
66                                -0.14573355
96                                -0.95119669
126                               -0.95208850
156                               -0.95550465
7                                 -0.08416638
37                                -0.70409097
67                                -0.35354470
97                                -0.97496594
127                               -0.97189942
157                               -0.96940304
8                                 -0.58124019
38                                -0.57573329
68                                -0.26298447
98                                -0.98614726
128                               -0.98183234
158                               -0.97179328
9                                 -0.62435192
39                                -0.78778159
69                                -0.48515891
99                                -0.96599701
129                               -0.96477080
159                               -0.95229047
10                                -0.51767580
40                                -0.67129056
70                                -0.54498852
100                               -0.99140910
130                               -0.96505582
160                               -0.96077288
11                                -0.77357406
41                                -0.82242872
71                                -0.71422967
101                               -0.98560723
131                               -0.99227747
161                               -0.98356947
12                                -0.56493401
42                                -0.73313076
72                                -0.48678042
102                               -0.97925639
132                               -0.96290974
162                               -0.96191161
13                                -0.34928561
43                                -0.71226150
73                                -0.34309486
103                               -0.99121945
133                               -0.97646733
163                               -0.97279863
14                                -0.65567766
44                                -0.56496408
74                                -0.35684943
104                               -0.98706518
134                               -0.96601926
164                               -0.96366602
15                                -0.65401015
45                                -0.79310448
75                                -0.59347244
105                               -0.98950394
135                               -0.98032971
165                               -0.97264571
16                                -0.74572685
46                                -0.82531433
76                                -0.63347980
106                               -0.98750635
136                               -0.99067280
166                               -0.98805840
17                                -0.52038548
47                                -0.72415574
77                                -0.64339920
107                               -0.99362452
137                               -0.99217730
167                               -0.98198344
18                                -0.76940839
48                                -0.86091099
78                                -0.76343080
108                               -0.99496762
138                               -0.98840747
168                               -0.99273796
19                                -0.33614873
49                                -0.58828966
79                                -0.14325455
109                               -0.98541644
139                               -0.98222858
169                               -0.97932785
20                                -0.17197577
50                                -0.50282154
80                                -0.28165729
110                               -0.97522659
140                               -0.92722572
170                               -0.98198615
21                                -0.42932347
51                                -0.70098041
81                                -0.57166683
111                               -0.99106220
141                               -0.97770662
171                               -0.98230512
22                                -0.47640527
52                                -0.70987053
82                                -0.69745144
112                               -0.97631811
142                               -0.96534473
172                               -0.97278902
23                                 0.28783462
53                                -0.63265946
83                                -0.03985738
113                               -0.97849904
143                               -0.97384969
173                               -0.98158514
24                                -0.56744773
54                                -0.65387695
84                                -0.47803049
114                               -0.99093306
144                               -0.97975510
174                               -0.98009698
25                                -0.75738578
55                                -0.84106101
85                                -0.69303241
 [ reached getOption("max.print") -- omitted 33 rows ]
